a=[0,0,1,0;0,0,0,1;0,-289.47,-3.98,0;0,103.05,-1.97,0];
b=[0;0;9.057;5.655];
c=[1,0,0,0;0,1,0,0;0,0,1,0;0,0,0,1];
d=[0;0;0;0];
Ke=0.44;
Kt=0.47;
jp=2.26e-3;
jw=2.312e-5;
g=9.8;
l=0.04;
Ra=9.5;
n=1/20;
mp=0.57;
mw=0.04;
r=0.034;
