A=[0,0,1,0;0,0,0,1;-0,2,3.5,0;0,-3,-2,0]
B=[0;0;-2;-3]
C=[1,0,0,0;0,1,0,0;0,0,1,0;0,0,0,1]
D=[0;0;0;0]
Kkalman=[0.02,-0.05;0.004,-0.003;-0.0004,-0.056]
Jp=0.2
Jw=2.3
g=9.8
L=1.8
Ra=0.9
Kt=5
mp=0.9
Ke=3
r=0.9
mw=0.2
n=0.9
