A=[0,1,0,0;0,-126.3,-12.8,5.1;0,0,0,1;0,1446.9,213.6,-57.9]
B=[0;10.7;0;-122.6]
C=[0,0,1,0;0,0,0,1]
