A=[0,1,0,0;0,0.2,2,-0.6;0,0,0,1;0,2,5,8]
B=[0;2;5;2]
C=[0,0,1,0:0,0,0,1]
