A=[0,0,1,0;0,0,0,1;-0,-12,-15,0;0,-3,-2,0]
B=[0;0;-2;-3]
C=[1,0,0,0;0,1,0,0;0,0,1,0;0,0,0,1]
D=[0;0;0;0]
r=0.2
Jp=0.8
Jw=0.9
Ra=9
n=3
Kt=12
Ke=10
L=0.3
mw=8
mp=9
g=9.8
